12
(1.458079, 0.000000, 0.000000) (-0.194300, 0.939200, 0.283300) (0.000155, 0.499436) 
(1.458079, 0.603197, -2.000000) (-0.194300, 0.939200, 0.283300) (0.000102, 0.000323) 
(-1.458079, 0.000000, -2.000000) (-0.194300, 0.939200, 0.283300) (0.999300, 0.000000) 
(-1.458079, 0.000000, 2.000000) (-0.304400, 0.842800, -0.443900) (0.999300, 0.998973) 
(1.458079, 1.053403, 2.000000) (-0.304400, 0.842800, -0.443900) (0.000000, 1.000000) 
(1.458079, 0.000000, 0.000000) (-0.304400, 0.842800, -0.443900) (0.000155, 0.499436) 
(-1.458079, 0.656499, 0.000000) (0.209200, 0.929100, 0.305000) (0.999210, 0.500108) 
(-1.458079, 0.000000, 2.000000) (0.209200, 0.929100, 0.305000) (0.999300, 0.998973) 
(1.458079, 0.000000, 0.000000) (0.209200, 0.929100, 0.305000) (0.000155, 0.499436) 
(-1.458079, 0.656499, 0.000000) (0.209200, 0.929100, -0.305000) (0.999210, 0.500108) 
(1.458079, 0.000000, 0.000000) (0.209200, 0.929100, -0.305000) (0.000155, 0.499436) 
(-1.458079, 0.000000, -2.000000) (0.209200, 0.929100, -0.305000) (0.999300, 0.000000) 
